0.99908900260925292969
0.99987661838531494141
0.73105859756469726562
0.99995458126068115234
0.11920291930437088013
0.95257413387298583984
0.99999916553497314453
0.99999380111694335938
0.26894143223762512207
0.99999916553497314453
0.99999916553497314453
0.00669285096228122711
0.99908900260925292969
0.01798621006309986115
0.98201376199722290039
0.99752742052078247070
0.26894143223762512207
0.99987661838531494141
0.01798621006309986115
0.00247262301854789257
0.99330717325210571289
0.99752742052078247070
0.98201376199722290039
0.26894143223762512207
0.99908900260925292969
0.00669285096228122711
0.99999916553497314453
0.99999773502349853516
0.98201376199722290039
0.01798621006309986115
0.99330717325210571289
0.99999380111694335938
0.00247262301854789257
0.01798621006309986115
0.01798621006309986115
0.99752742052078247070
0.73105859756469726562
0.99752742052078247070
0.00247262301854789257
0.99330717325210571289
0.01798621006309986115
0.00669285096228122711
0.99995458126068115234
0.00669285096228122711
0.11920291930437088013
0.95257413387298583984
0.50000000000000000000
0.50000000000000000000
0.99999773502349853516
0.99330717325210571289
